Media: 7.01754385965
Disp: 10.2163878732

